(0,0) = 0
(0,1) = 666.108
(0,2) = 281.114
(0,3) = 395.601
(0,4) = 291.204
(0,5) = 326.267
(0,6) = 640.8
(0,7) = 426.878
(0,8) = 600.187
(0,9) = 561.471
(0,10) = 1040.97
(0,11) = 655.019
(0,12) = 975
(0,13) = 1120.77
(0,14) = 299.04
(0,15) = 260.048
(0,16) = 429.535
(0,17) = 161.555
(0,18) = 305
(0,19) = 210.06
(0,20) = 286.923
(0,21) = 46.0977
(0,22) = 181.177
(0,23) = 274.591
(0,24) = 410.03
(0,25) = 728.972
(0,26) = 798.514
(0,27) = 707.001
(0,28) = 406.263
(0,29) = 360.069
(0,30) = 146.373
(0,31) = 90.5539
(0,32) = 827.315
(0,33) = 135.093
(0,34) = 121.655
(0,35) = 125
(0,36) = 207.966
(0,37) = 240.416
(0,38) = 166.208
(0,39) = 208.926
(0,40) = 395.38
(0,41) = 565.796
(0,42) = 463.816
(0,43) = 154.434
(0,44) = 240.208
(0,45) = 279.866
(0,46) = 791.281
(0,47) = 267.301
(0,48) = 64.0312
(0,49) = 217.083
(0,50) = 789.383
(0,51) = 1220.46
(1,0) = 666.108
(1,1) = 0
(1,2) = 649.327
(1,3) = 1047.09
(1,4) = 945.145
(1,5) = 978.085
(1,6) = 45
(1,7) = 956.151
(1,8) = 1134.96
(1,9) = 1132.98
(1,10) = 1638.79
(1,11) = 1258.59
(1,12) = 1440.08
(1,13) = 1515.73
(1,14) = 957.823
(1,15) = 724.034
(1,16) = 494.773
(1,17) = 595.483
(1,18) = 843.401
(1,19) = 564.469
(1,20) = 392.46
(1,21) = 636.416
(1,22) = 509.828
(1,23) = 921.792
(1,24) = 1028.85
(1,25) = 1191.51
(1,26) = 1301.51
(1,27) = 1243.72
(1,28) = 635.02
(1,29) = 390.448
(1,30) = 541.225
(1,31) = 730
(1,32) = 1488.71
(1,33) = 782.081
(1,34) = 776.981
(1,35) = 785
(1,36) = 857.7
(1,37) = 896.939
(1,38) = 827.964
(1,39) = 869.741
(1,40) = 896.172
(1,41) = 102.591
(1,42) = 1123.71
(1,43) = 744.883
(1,44) = 823.286
(1,45) = 859.084
(1,46) = 1151.27
(1,47) = 910.302
(1,48) = 728.011
(1,49) = 596.259
(1,50) = 1421.56
(1,51) = 1716.05
(2,0) = 281.114
(2,1) = 649.327
(2,2) = 0
(2,3) = 603.511
(2,4) = 508.945
(2,5) = 542.517
(2,6) = 610.574
(2,7) = 308.058
(2,8) = 485.644
(2,9) = 487.263
(2,10) = 1266.69
(2,11) = 891.361
(2,12) = 1247.76
(2,13) = 1399.73
(2,14) = 504.876
(2,15) = 537.401
(2,16) = 217.313
(2,17) = 134.629
(2,18) = 207.002
(2,19) = 440.965
(2,20) = 288.531
(2,21) = 240.52
(2,22) = 361.179
(2,23) = 505.693
(2,24) = 652.534
(2,25) = 1005.94
(2,26) = 1067.64
(2,27) = 970.322
(2,28) = 651.249
(2,29) = 504.207
(2,30) = 208.926
(2,31) = 245.204
(2,32) = 903.396
(2,33) = 393.605
(2,34) = 373.664
(2,35) = 367.696
(2,36) = 447.465
(2,37) = 462.088
(2,38) = 392.237
(2,39) = 426.878
(2,40) = 246.982
(2,41) = 550.091
(2,42) = 556.597
(2,43) = 434.195
(2,44) = 219.829
(2,45) = 552.675
(2,46) = 1072.31
(2,47) = 504.802
(2,48) = 288.487
(2,49) = 463.249
(2,50) = 995.314
(2,51) = 1483.59
(3,0) = 395.601
(3,1) = 1047.09
(3,2) = 603.511
(3,3) = 0
(3,4) = 104.403
(3,5) = 69.6419
(3,6) = 1026.36
(3,7) = 525
(3,8) = 611.003
(3,9) = 533.901
(3,10) = 663.193
(3,11) = 294.364
(3,12) = 711.073
(3,13) = 897.009
(3,14) = 100.125
(3,15) = 384.22
(3,16) = 800.25
(3,17) = 532.353
(3,18) = 474.684
(3,19) = 500.625
(3,20) = 681.487
(3,21) = 436.606
(3,22) = 537.703
(3,23) = 125.3
(3,24) = 109.202
(3,25) = 516.236
(3,26) = 526.806
(3,27) = 417.433
(3,28) = 579.871
(3,29) = 689.529
(3,30) = 540.856
(3,31) = 370.54
(3,32) = 517.349
(3,33) = 266.552
(3,34) = 275.136
(3,35) = 270.601
(3,36) = 190.394
(3,37) = 155.242
(3,38) = 230.489
(3,39) = 188.282
(3,40) = 544.541
(3,41) = 950.329
(3,42) = 245.204
(3,43) = 307.002
(3,44) = 411.096
(3,45) = 230.705
(3,46) = 659.564
(3,47) = 137.295
(3,48) = 345.254
(3,49) = 477.624
(3,50) = 397.02
(3,51) = 908.639
(4,0) = 291.204
(4,1) = 945.145
(4,2) = 508.945
(4,3) = 104.403
(4,4) = 0
(4,5) = 35.3553
(4,6) = 923.594
(4,7) = 470.558
(4,8) = 583.631
(4,9) = 513.469
(4,10) = 760.805
(4,11) = 382.426
(4,12) = 769.042
(4,13) = 944.312
(4,14) = 25
(4,15) = 309.233
(4,16) = 700.071
(4,17) = 430.465
(4,18) = 400.78
(4,19) = 406.602
(4,20) = 577.17
(4,21) = 332.453
(4,22) = 436.835
(4,23) = 31.6228
(4,24) = 150.083
(4,25) = 552.268
(4,26) = 584.145
(4,27) = 478.592
(4,28) = 509.755
(4,29) = 594.348
(4,30) = 436.606
(4,31) = 270.185
(4,32) = 589.958
(4,33) = 163.248
(4,34) = 170.88
(4,35) = 166.208
(4,36) = 87.4643
(4,37) = 50.9902
(4,38) = 126.59
(4,39) = 85.1469
(4,40) = 479.505
(4,41) = 847.659
(4,42) = 266.693
(4,43) = 212.25
(4,44) = 331.21
(4,45) = 170.66
(4,46) = 673.591
(4,47) = 47.4342
(4,48) = 241.868
(4,49) = 386.685
(4,50) = 499.925
(4,51) = 984.441
(5,0) = 326.267
(5,1) = 978.085
(5,2) = 542.517
(5,3) = 69.6419
(5,4) = 35.3553
(5,5) = 0
(5,6) = 957.04
(5,7) = 491.554
(5,8) = 596.008
(5,9) = 523.259
(5,10) = 726.103
(5,11) = 349.285
(5,12) = 744.194
(5,13) = 922.781
(5,14) = 40.3113
(5,15) = 328.824
(5,16) = 735.017
(5,17) = 465.672
(5,18) = 427.931
(5,19) = 435.23
(5,20) = 611.903
(5,21) = 367.73
(5,22) = 469.068
(5,23) = 57.0088
(5,24) = 124.197
(5,25) = 533.339
(5,26) = 559.129
(5,27) = 452.217
(5,28) = 528.015
(5,29) = 623.699
(5,30) = 471.832
(5,31) = 305.041
(5,32) = 568.243
(5,33) = 196.977
(5,34) = 205.548
(5,35) = 201.308
(5,36) = 120.83
(5,37) = 86.3134
(5,38) = 161.941
(5,39) = 120.416
(5,40) = 504.009
(5,41) = 881.036
(5,42) = 260.048
(5,43) = 240.832
(5,44) = 360.069
(5,45) = 182.003
(5,46) = 661.91
(5,47) = 70.7107
(5,48) = 277.218
(5,49) = 413.793
(5,50) = 464.57
(5,51) = 954.895
(6,0) = 640.8
(6,1) = 45
(6,2) = 610.574
(6,3) = 1026.36
(6,4) = 923.594
(6,5) = 957.04
(6,6) = 0
(6,7) = 918.096
(6,8) = 1095.92
(6,9) = 1095.73
(6,10) = 1627.42
(6,11) = 1245.2
(6,12) = 1440.31
(6,13) = 1521.73
(6,14) = 935.361
(6,15) = 713.863
(6,16) = 451.248
(6,17) = 562.25
(6,18) = 807.001
(6,19) = 551.77
(6,20) = 361.732
(6,21) = 609.139
(6,22) = 491.172
(6,23) = 901.18
(6,24) = 1012.42
(6,25) = 1190.09
(6,26) = 1297.79
(6,27) = 1236.74
(6,28) = 636.965
(6,29) = 385.519
(6,30) = 511.517
(6,31) = 701.231
(6,32) = 1459.63
(6,33) = 760.345
(6,34) = 754.205
(6,35) = 761.577
(6,36) = 836.316
(6,37) = 874.714
(6,38) = 804.394
(6,39) = 846.537
(6,40) = 857.555
(6,41) = 76.1577
(6,42) = 1094.81
(6,43) = 726.997
(6,44) = 789.383
(6,45) = 844.423
(6,46) = 1156.83
(6,47) = 890.183
(6,48) = 701.73
(6,49) = 584.637
(6,50) = 1405.08
(6,51) = 1715.07
(7,0) = 426.878
(7,1) = 956.151
(7,2) = 308.058
(7,3) = 525
(7,4) = 470.558
(7,5) = 491.554
(7,6) = 918.096
(7,7) = 0
(7,8) = 183.439
(7,9) = 180.347
(7,10) = 1144.9
(7,11) = 812.05
(7,12) = 1234.34
(7,13) = 1414.23
(7,14) = 452.548
(7,15) = 660.984
(7,16) = 506.582
(7,17) = 381.215
(7,18) = 125.897
(7,19) = 635.964
(7,20) = 580.388
(7,21) = 415.03
(7,22) = 586.728
(7,23) = 486.544
(7,24) = 615.549
(7,25) = 1022.8
(7,26) = 1049.4
(7,27) = 941.077
(7,28) = 831.039
(7,29) = 758.765
(7,30) = 457.22
(7,31) = 338.711
(7,32) = 645.155
(7,33) = 455
(7,34) = 435.46
(7,35) = 421.545
(7,36) = 460.57
(7,37) = 446.01
(7,38) = 413.824
(7,39) = 421.574
(7,40) = 64.0312
(7,41) = 855.862
(7,42) = 359.026
(7,43) = 529.741
(7,44) = 187.417
(7,45) = 598.54
(7,46) = 1135.89
(7,47) = 495.101
(7,48) = 383.438
(7,49) = 643.817
(7,50) = 860.145
(7,51) = 1430.47
(8,0) = 600.187
(8,1) = 1134.96
(8,2) = 485.644
(8,3) = 611.003
(8,4) = 583.631
(8,5) = 596.008
(8,6) = 1095.92
(8,7) = 183.439
(8,8) = 0
(8,9) = 83.2166
(8,10) = 1165.61
(8,11) = 873.856
(8,12) = 1316.76
(8,13) = 1507.12
(8,14) = 561.471
(8,15) = 817.955
(8,16) = 670.317
(8,17) = 564.646
(8,18) = 308.058
(8,19) = 810.247
(8,20) = 763.217
(8,21) = 593.043
(8,22) = 766.551
(8,23) = 606.238
(8,24) = 714.178
(8,25) = 1126.11
(8,26) = 1134.55
(8,27) = 1024.46
(8,28) = 998.211
(8,29) = 940.492
(8,30) = 640.312
(8,31) = 510.025
(8,32) = 570.197
(8,33) = 606.98
(8,34) = 589.428
(8,35) = 574.674
(8,36) = 596.091
(8,37) = 571.948
(8,38) = 557.853
(8,39) = 555
(8,40) = 239.27
(8,41) = 1035.59
(8,42) = 389.936
(8,43) = 685.584
(8,44) = 360.867
(8,45) = 733.894
(8,46) = 1257.06
(8,47) = 617.839
(8,48) = 550.568
(8,49) = 815.138
(8,50) = 883.233
(8,51) = 1486.78
(9,0) = 561.471
(9,1) = 1132.98
(9,2) = 487.263
(9,3) = 533.901
(9,4) = 513.469
(9,5) = 523.259
(9,6) = 1095.73
(9,7) = 180.347
(9,8) = 83.2166
(9,9) = 0
(9,10) = 1082.65
(9,11) = 792.086
(9,12) = 1236.58
(9,13) = 1428.29
(9,14) = 490.433
(9,15) = 763.692
(9,16) = 686.477
(9,17) = 547.951
(9,18) = 290.904
(9,19) = 770.276
(9,20) = 751.482
(9,21) = 560.29
(9,22) = 734.932
(9,23) = 537.82
(9,24) = 638.847
(9,25) = 1049.98
(9,26) = 1055.05
(9,27) = 944.934
(9,28) = 950.053
(9,29) = 912.14
(9,30) = 619.294
(9,31) = 471.01
(9,32) = 500.899
(9,33) = 552.268
(9,34) = 536.144
(9,35) = 521.177
(9,36) = 533.667
(9,37) = 506.211
(9,38) = 499.925
(9,39) = 492.443
(9,40) = 243.977
(9,41) = 1031.95
(9,42) = 307.774
(9,43) = 631.981
(9,44) = 329.014
(9,45) = 669.645
(9,46) = 1185.17
(9,47) = 550.273
(9,48) = 507.001
(9,49) = 771.962
(9,50) = 800.078
(9,51) = 1404.04
(10,0) = 1040.97
(10,1) = 1638.79
(10,2) = 1266.69
(10,3) = 663.193
(10,4) = 760.805
(10,5) = 726.103
(10,6) = 1627.42
(10,7) = 1144.9
(10,8) = 1165.61
(10,9) = 1082.65
(10,10) = 0
(10,11) = 387.072
(10,12) = 442.719
(10,13) = 619.556
(10,14) = 762.365
(10,15) = 914.822
(10,16) = 1460.69
(10,17) = 1190.09
(10,18) = 1124.3
(10,19) = 1075.66
(10,20) = 1314.17
(10,21) = 1085.56
(10,22) = 1143.53
(10,23) = 770.016
(10,24) = 631.269
(10,25) = 541.041
(10,26) = 417.433
(10,27) = 417.642
(10,28) = 1042.41
(10,29) = 1250.97
(10,30) = 1186.78
(10,31) = 1030.98
(10,32) = 706.134
(10,33) = 905.884
(10,34) = 920.34
(10,35) = 920.054
(10,36) = 835.06
(10,37) = 810.386
(10,38) = 885.127
(10,39) = 845.532
(10,40) = 1180.04
(10,41) = 1552.32
(10,42) = 789.24
(10,43) = 912.921
(10,44) = 1067.95
(10,45) = 786.67
(10,46) = 705.16
(10,47) = 775.065
(10,48) = 1000.01
(10,49) = 1042.93
(10,50) = 285.044
(10,51) = 398.56
(11,0) = 655.019
(11,1) = 1258.59
(11,2) = 891.361
(11,3) = 294.364
(11,4) = 382.426
(11,5) = 349.285
(11,6) = 1245.2
(11,7) = 812.05
(11,8) = 873.856
(11,9) = 792.086
(11,10) = 387.072
(11,11) = 0
(11,12) = 452.134
(11,13) = 653.242
(11,14) = 388.104
(11,15) = 537.703
(11,16) = 1078.36
(11,17) = 806.877
(11,18) = 768.847
(11,19) = 694.136
(11,20) = 927.16
(11,21) = 700.018
(11,22) = 758.172
(11,23) = 387.621
(11,24) = 245
(11,25) = 335.037
(11,26) = 283.24
(11,27) = 182.483
(11,28) = 688.186
(11,29) = 874.643
(11,30) = 800.391
(11,31) = 650.577
(11,32) = 584.209
(11,33) = 520
(11,34) = 535.21
(11,35) = 535.84
(11,36) = 450.999
(11,37) = 429.942
(11,38) = 503.016
(11,39) = 465.296
(11,40) = 836.316
(11,41) = 1169.63
(11,42) = 484.381
(11,43) = 526.118
(11,44) = 705.301
(11,45) = 401.404
(11,46) = 517.421
(11,47) = 391.152
(11,48) = 616.644
(11,49) = 662.59
(11,50) = 188.215
(11,51) = 618.567
(12,0) = 975
(12,1) = 1440.08
(12,2) = 1247.76
(12,3) = 711.073
(12,4) = 769.042
(12,5) = 744.194
(12,6) = 1440.31
(12,7) = 1234.34
(12,8) = 1316.76
(12,9) = 1236.58
(12,10) = 442.719
(12,11) = 452.134
(12,12) = 0
(12,13) = 205.548
(12,14) = 784.092
(12,15) = 759.276
(12,16) = 1399.51
(12,17) = 1136.54
(12,18) = 1169.47
(12,19) = 919.918
(12,20) = 1194.76
(12,21) = 1020.42
(12,22) = 1008.19
(12,23) = 759.951
(12,24) = 620.081
(12,25) = 254.018
(12,26) = 185.068
(12,27) = 293.641
(12,28) = 805.248
(12,29) = 1056.18
(12,30) = 1103.65
(12,31) = 1004.15
(12,32) = 1010.36
(12,33) = 854.181
(12,34) = 874.314
(12,35) = 881.192
(12,36) = 806.923
(12,37) = 804.316
(12,38) = 862.699
(12,39) = 836.376
(12,40) = 1248.08
(12,41) = 1371.31
(12,42) = 930.86
(12,43) = 821.721
(12,44) = 1098.33
(12,45) = 696.024
(12,46) = 324.423
(12,47) = 755.86
(12,48) = 959.284
(12,49) = 884.59
(12,50) = 539.676
(12,51) = 278.657
(13,0) = 1120.77
(13,1) = 1515.73
(13,2) = 1399.73
(13,3) = 897.009
(13,4) = 944.312
(13,5) = 922.781
(13,6) = 1521.73
(13,7) = 1414.23
(13,8) = 1507.12
(13,9) = 1428.29
(13,10) = 619.556
(13,11) = 653.242
(13,12) = 205.548
(13,13) = 0
(13,14) = 961.691
(13,15) = 883.883
(13,16) = 1534.22
(13,17) = 1280.67
(13,18) = 1340.63
(13,19) = 1034.65
(13,20) = 1313.2
(13,21) = 1164.69
(13,22) = 1127.21
(13,23) = 931.357
(13,24) = 799.156
(13,25) = 396.011
(13,26) = 374.433
(13,27) = 484.175
(13,28) = 887.426
(13,29) = 1146.48
(13,30) = 1238.79
(13,31) = 1160.87
(13,32) = 1215.91
(13,33) = 1009.72
(13,34) = 1030.59
(13,35) = 1039.25
(13,36) = 971.404
(13,37) = 974.59
(13,38) = 1026.16
(13,39) = 1004.45
(13,40) = 1423.04
(13,41) = 1457.48
(13,42) = 1125.28
(13,43) = 966.398
(13,44) = 1267.57
(13,45) = 848.764
(13,46) = 364.966
(13,47) = 925.216
(13,48) = 1113.56
(13,49) = 1000.12
(13,50) = 744.648
(13,51) = 318.904
(14,0) = 299.04
(14,1) = 957.823
(14,2) = 504.876
(14,3) = 100.125
(14,4) = 25
(14,5) = 40.3113
(14,6) = 935.361
(14,7) = 452.548
(14,8) = 561.471
(14,9) = 490.433
(14,10) = 762.365
(14,11) = 388.104
(14,12) = 784.092
(14,13) = 961.691
(14,14) = 0
(14,15) = 332.415
(14,16) = 700.161
(14,17) = 432.348
(14,18) = 387.621
(14,19) = 424.794
(14,20) = 585.875
(14,21) = 338.6
(14,22) = 451.054
(14,23) = 55.9017
(14,24) = 164.012
(14,25) = 571.074
(14,26) = 599.041
(14,27) = 492.367
(14,28) = 533.128
(14,29) = 611.658
(14,30) = 443.001
(14,31) = 270.416
(14,32) = 568.705
(14,33) = 176.139
(14,34) = 181.177
(14,35) = 174.642
(14,36) = 102.591
(14,37) = 61.0328
(14,38) = 132.853
(14,39) = 90.1388
(14,40) = 464.004
(14,41) = 859.593
(14,42) = 241.868
(14,43) = 231.138
(14,44) = 319.883
(14,45) = 195.576
(14,46) = 695.593
(14,47) = 71.5891
(14,48) = 246.221
(14,49) = 406.079
(14,50) = 497.041
(14,51) = 995.113
(15,0) = 260.048
(15,1) = 724.034
(15,2) = 537.401
(15,3) = 384.22
(15,4) = 309.233
(15,5) = 328.824
(15,6) = 713.863
(15,7) = 660.984
(15,8) = 817.955
(15,9) = 763.692
(15,10) = 914.822
(15,11) = 537.703
(15,12) = 759.276
(15,13) = 883.883
(15,14) = 332.415
(15,15) = 0
(15,16) = 650.711
(15,17) = 407.83
(15,18) = 548.862
(15,19) = 165.076
(15,20) = 435.488
(15,21) = 297.069
(15,22) = 249.098
(15,23) = 277.714
(15,24) = 326.497
(15,25) = 505.693
(15,26) = 597.537
(15,27) = 525.856
(15,28) = 200.811
(15,29) = 337.083
(15,30) = 356.721
(15,31) = 330.946
(15,32) = 897.065
(15,33) = 211.483
(15,34) = 228.528
(15,35) = 243.311
(15,36) = 244.182
(15,37) = 283.769
(15,38) = 265.047
(15,39) = 282.179
(15,40) = 640.781
(15,41) = 639.531
(15,42) = 570.088
(15,43) = 132.382
(15,44) = 476.366
(15,45) = 155.724
(15,46) = 539.491
(15,47) = 261.964
(15,48) = 281.824
(15,49) = 130.384
(15,50) = 710.106
(15,51) = 1022.67
(16,0) = 429.535
(16,1) = 494.773
(16,2) = 217.313
(16,3) = 800.25
(16,4) = 700.071
(16,5) = 735.017
(16,6) = 451.248
(16,7) = 506.582
(16,8) = 670.317
(16,9) = 686.477
(16,10) = 1460.69
(16,11) = 1078.36
(16,12) = 1399.51
(16,13) = 1534.22
(16,14) = 700.161
(16,15) = 650.711
(16,16) = 0
(16,17) = 271.662
(16,18) = 421.1
(16,19) = 512.079
(16,20) = 253.032
(16,21) = 383.438
(16,22) = 418.001
(16,23) = 691.158
(16,24) = 834.341
(16,25) = 1149.48
(16,26) = 1226.02
(16,27) = 1136.33
(16,28) = 707.425
(16,29) = 492.392
(16,30) = 296.184
(16,31) = 430
(16,32) = 1120.29
(16,33) = 561.471
(16,34) = 544.518
(16,35) = 542.794
(16,36) = 627.415
(16,37) = 650.308
(16,38) = 575.782
(16,39) = 615.183
(16,40) = 442.634
(16,41) = 408.075
(16,42) = 773.256
(16,43) = 579.008
(16,44) = 436.578
(16,45) = 708.255
(16,46) = 1187.7
(16,47) = 687.204
(16,48) = 461.736
(16,49) = 543.622
(16,50) = 1196.51
(16,51) = 1649.37
(17,0) = 161.555
(17,1) = 595.483
(17,2) = 134.629
(17,3) = 532.353
(17,4) = 430.465
(17,5) = 465.672
(17,6) = 562.25
(17,7) = 381.215
(17,8) = 564.646
(17,9) = 547.951
(17,10) = 1190.09
(17,11) = 806.877
(17,12) = 1136.54
(17,13) = 1280.67
(17,14) = 432.348
(17,15) = 407.83
(17,16) = 271.662
(17,17) = 0
(17,18) = 258.118
(17,19) = 306.472
(17,20) = 205.244
(17,21) = 116.297
(17,22) = 229.401
(17,23) = 420.119
(17,24) = 562.694
(17,25) = 890
(17,26) = 959.909
(17,27) = 867.439
(17,28) = 516.769
(17,29) = 385.032
(17,30) = 80.1561
(17,31) = 162.788
(17,32) = 903.244
(17,33) = 290.259
(17,34) = 272.947
(17,35) = 271.155
(17,36) = 355.879
(17,37) = 380.132
(17,38) = 305
(17,39) = 345.326
(17,40) = 330.492
(17,41) = 492.976
(17,42) = 541.133
(17,43) = 315.357
(17,44) = 228.035
(17,45) = 441.277
(17,46) = 946.005
(17,47) = 415.752
(17,48) = 190.263
(17,49) = 328.672
(17,50) = 929.368
(17,51) = 1381.2
(18,0) = 305
(18,1) = 843.401
(18,2) = 207.002
(18,3) = 474.684
(18,4) = 400.78
(18,5) = 427.931
(18,6) = 807.001
(18,7) = 125.897
(18,8) = 308.058
(18,9) = 290.904
(18,10) = 1124.3
(18,11) = 768.847
(18,12) = 1169.47
(18,13) = 1340.63
(18,14) = 387.621
(18,15) = 548.862
(18,16) = 421.1
(18,17) = 258.118
(18,18) = 0
(18,19) = 512.445
(18,20) = 460.652
(18,21) = 290.172
(18,22) = 460.977
(18,23) = 410.03
(18,24) = 550.681
(18,25) = 945.476
(18,26) = 984.733
(18,27) = 879.332
(18,28) = 711.003
(18,29) = 632.949
(18,30) = 332.415
(18,31) = 219.829
(18,32) = 700.589
(18,33) = 350.892
(18,34) = 330.189
(18,35) = 317.569
(18,36) = 371.248
(18,37) = 366.231
(18,38) = 318.904
(18,39) = 336.341
(18,40) = 91.9239
(18,41) = 741.923
(18,42) = 367.764
(18,43) = 420.387
(18,44) = 75
(18,45) = 504.48
(18,46) = 1044.84
(18,47) = 415.482
(18,48) = 267.442
(18,49) = 521.967
(18,50) = 843.445
(18,51) = 1381.96
(19,0) = 210.06
(19,1) = 564.469
(19,2) = 440.965
(19,3) = 500.625
(19,4) = 406.602
(19,5) = 435.23
(19,6) = 551.77
(19,7) = 635.964
(19,8) = 810.247
(19,9) = 770.276
(19,10) = 1075.66
(19,11) = 694.136
(19,12) = 919.918
(19,13) = 1034.65
(19,14) = 424.794
(19,15) = 165.076
(19,16) = 512.079
(19,17) = 306.472
(19,18) = 512.445
(19,19) = 0
(19,20) = 278.568
(19,21) = 223.607
(19,22) = 94.3398
(19,23) = 378.451
(19,24) = 467.386
(19,25) = 665.902
(19,26) = 761.643
(19,27) = 690.887
(19,28) = 210.297
(19,29) = 189.011
(19,30) = 236.008
(19,31) = 300.375
(19,32) = 990.013
(19,33) = 256.564
(19,34) = 261.773
(19,35) = 275.045
(19,36) = 322.684
(19,37) = 365.548
(19,38) = 313.847
(19,39) = 348.174
(19,40) = 601.041
(19,41) = 476.707
(19,42) = 638.161
(19,43) = 194.487
(19,44) = 450.028
(19,45) = 295.466
(19,46) = 679.779
(19,47) = 364.589
(19,48) = 263.865
(19,49) = 35.3553
(19,50) = 859.069
(19,51) = 1186.09
(20,0) = 286.923
(20,1) = 392.46
(20,2) = 288.531
(20,3) = 681.487
(20,4) = 577.17
(20,5) = 611.903
(20,6) = 361.732
(20,7) = 580.388
(20,8) = 763.217
(20,9) = 751.482
(20,10) = 1314.17
(20,11) = 927.16
(20,12) = 1194.76
(20,13) = 1313.2
(20,14) = 585.875
(20,15) = 435.488
(20,16) = 253.032
(20,17) = 205.244
(20,18) = 460.652
(20,19) = 278.568
(20,20) = 0
(20,21) = 250.599
(20,22) = 186.815
(20,23) = 558.413
(20,24) = 684.726
(20,25) = 941.077
(20,26) = 1030.97
(20,27) = 952.221
(20,28) = 459.157
(20,29) = 241.506
(20,30) = 150
(20,31) = 340.037
(20,32) = 1097.96
(20,33) = 416.203
(20,34) = 406.356
(20,35) = 411.4
(20,36) = 491.859
(20,37) = 526.711
(20,38) = 453.1
(20,39) = 495.807
(20,40) = 525.024
(20,41) = 289.914
(20,42) = 733.246
(20,43) = 401.528
(20,44) = 433.042
(20,45) = 530.377
(20,46) = 957.549
(20,47) = 549.477
(20,48) = 344.42
(20,49) = 313.129
(20,50) = 1072.01
(20,51) = 1456.71
(21,0) = 46.0977
(21,1) = 636.416
(21,2) = 240.52
(21,3) = 436.606
(21,4) = 332.453
(21,5) = 367.73
(21,6) = 609.139
(21,7) = 415.03
(21,8) = 593.043
(21,9) = 560.29
(21,10) = 1085.56
(21,11) = 700.018
(21,12) = 1020.42
(21,13) = 1164.69
(21,14) = 338.6
(21,15) = 297.069
(21,16) = 383.438
(21,17) = 116.297
(21,18) = 290.172
(21,19) = 223.607
(21,20) = 250.599
(21,21) = 0
(21,22) = 174.642
(21,23) = 317.53
(21,24) = 455.027
(21,25) = 773.709
(21,26) = 844.334
(21,27) = 753.077
(21,28) = 428.515
(21,29) = 352.598
(21,30) = 104.403
(21,31) = 97.0824
(21,32) = 852.951
(21,33) = 180.069
(21,34) = 165.303
(21,35) = 166.883
(21,36) = 251.247
(21,37) = 281.469
(21,38) = 206.155
(21,39) = 248.646
(21,40) = 377.69
(21,41) = 535.023
(21,42) = 488.109
(21,43) = 199.06
(21,44) = 232.648
(21,45) = 325.73
(21,46) = 832.406
(21,47) = 311.006
(21,48) = 93.9415
(21,49) = 237.171
(21,50) = 831.865
(21,51) = 1266.49
(22,0) = 181.177
(22,1) = 509.828
(22,2) = 361.179
(22,3) = 537.703
(22,4) = 436.835
(22,5) = 469.068
(22,6) = 491.172
(22,7) = 586.728
(22,8) = 766.551
(22,9) = 734.932
(22,10) = 1143.53
(22,11) = 758.172
(22,12) = 1008.19
(22,13) = 1127.21
(22,14) = 451.054
(22,15) = 249.098
(22,16) = 418.001
(22,17) = 229.401
(22,18) = 460.977
(22,19) = 94.3398
(22,20) = 186.815
(22,21) = 174.642
(22,22) = 0
(22,23) = 412.462
(22,24) = 521.776
(22,25) = 754.404
(22,26) = 845.931
(22,27) = 770.146
(22,28) = 296.015
(22,29) = 179.234
(22,30) = 152.315
(22,31) = 267.442
(22,32) = 1001.96
(22,33) = 275
(22,34) = 272.809
(22,35) = 282.931
(22,36) = 349.464
(22,37) = 390.032
(22,38) = 325.576
(22,39) = 365.548
(22,40) = 545.023
(22,41) = 415.03
(22,42) = 641.132
(22,43) = 235.85
(22,44) = 406.971
(22,45) = 356.931
(22,46) = 773.692
(22,47) = 400.656
(22,48) = 244.387
(22,49) = 127.475
(22,50) = 914.166
(22,51) = 1271.42
(23,0) = 274.591
(23,1) = 921.792
(23,2) = 505.693
(23,3) = 125.3
(23,4) = 31.6228
(23,5) = 57.0088
(23,6) = 901.18
(23,7) = 486.544
(23,8) = 606.238
(23,9) = 537.82
(23,10) = 770.016
(23,11) = 387.621
(23,12) = 759.951
(23,13) = 931.357
(23,14) = 55.9017
(23,15) = 277.714
(23,16) = 691.158
(23,17) = 420.119
(23,18) = 410.03
(23,19) = 378.451
(23,20) = 558.413
(23,21) = 317.53
(23,22) = 412.462
(23,23) = 0
(23,24) = 147.054
(23,25) = 537.401
(23,26) = 575.608
(23,27) = 472.07
(23,28) = 478.174
(23,29) = 566.789
(23,30) = 420.862
(23,31) = 263.059
(23,32) = 620.846
(23,33) = 142.302
(23,34) = 152.971
(23,35) = 150.748
(23,36) = 66.7083
(23,37) = 44.7214
(23,38) = 115.434
(23,39) = 79.0569
(23,40) = 491.757
(23,41) = 825.121
(23,42) = 297.7
(23,43) = 183.984
(23,44) = 338.378
(23,45) = 140.089
(23,46) = 652.553
(23,47) = 15.8114
(23,48) = 230
(23,49) = 357.526
(23,50) = 514.806
(23,51) = 981.542
(24,0) = 410.03
(24,1) = 1028.85
(24,2) = 652.534
(24,3) = 109.202
(24,4) = 150.083
(24,5) = 124.197
(24,6) = 1012.42
(24,7) = 615.549
(24,8) = 714.178
(24,9) = 638.847
(24,10) = 631.269
(24,11) = 245
(24,12) = 620.081
(24,13) = 799.156
(24,14) = 164.012
(24,15) = 326.497
(24,16) = 834.341
(24,17) = 562.694
(24,18) = 550.681
(24,19) = 467.386
(24,20) = 684.726
(24,21) = 455.027
(24,22) = 521.776
(24,23) = 147.054
(24,24) = 0
(24,25) = 412.098
(24,26) = 435.029
(24,27) = 328.672
(24,28) = 509.141
(24,29) = 654.313
(24,30) = 555.563
(24,31) = 408.932
(24,32) = 605.826
(24,33) = 275
(24,34) = 290.388
(24,35) = 291.548
(24,36) = 207.183
(24,37) = 191.377
(24,38) = 260.864
(24,39) = 226.108
(24,40) = 628.013
(24,41) = 936.376
(24,42) = 354.401
(24,43) = 286.4
(24,44) = 481.274
(24,45) = 173.349
(24,46) = 550.681
(24,47) = 148.071
(24,48) = 372.726
(24,49) = 439.09
(24,50) = 392.747
(24,51) = 835.135
(25,0) = 728.972
(25,1) = 1191.51
(25,2) = 1005.94
(25,3) = 516.236
(25,4) = 552.268
(25,5) = 533.339
(25,6) = 1190.09
(25,7) = 1022.8
(25,8) = 1126.11
(25,9) = 1049.98
(25,10) = 541.041
(25,11) = 335.037
(25,12) = 254.018
(25,13) = 396.011
(25,14) = 571.074
(25,15) = 505.693
(25,16) = 1149.48
(25,17) = 890
(25,18) = 945.476
(25,19) = 665.902
(25,20) = 941.077
(25,21) = 773.709
(25,22) = 754.404
(25,23) = 537.401
(25,24) = 412.098
(25,25) = 0
(25,26) = 126.194
(25,27) = 158.902
(25,28) = 558.793
(25,29) = 805.016
(25,30) = 853.302
(25,31) = 765.506
(25,32) = 917.306
(25,33) = 614.37
(25,34) = 635.138
(25,35) = 643.525
(25,36) = 575.543
(25,37) = 580
(25,38) = 630.179
(25,39) = 609.139
(25,40) = 1028.99
(25,41) = 1120.1
(25,42) = 755.794
(25,43) = 574.674
(25,44) = 872.067
(25,45) = 453.679
(25,46) = 185.54
(25,47) = 530.519
(25,48) = 718.679
(25,49) = 630.575
(25,50) = 496.009
(25,51) = 525
(26,0) = 798.514
(26,1) = 1301.51
(26,2) = 1067.64
(26,3) = 526.806
(26,4) = 584.145
(26,5) = 559.129
(26,6) = 1297.79
(26,7) = 1049.4
(26,8) = 1134.55
(26,9) = 1055.05
(26,10) = 417.433
(26,11) = 283.24
(26,12) = 185.068
(26,13) = 374.433
(26,14) = 599.041
(26,15) = 597.537
(26,16) = 1226.02
(26,17) = 959.909
(26,18) = 984.733
(26,19) = 761.643
(26,20) = 1030.97
(26,21) = 844.334
(26,22) = 845.931
(26,23) = 575.608
(26,24) = 435.029
(26,25) = 126.194
(26,26) = 0
(26,27) = 110.114
(26,28) = 673.665
(26,29) = 912.318
(26,30) = 931.45
(26,31) = 823.119
(26,32) = 861.931
(26,33) = 674.259
(26,34) = 693.992
(26,35) = 700.179
(26,36) = 624.119
(26,37) = 620.101
(26,38) = 680
(26,39) = 652.553
(26,40) = 1063.04
(26,41) = 1226.23
(26,42) = 751.033
(26,43) = 647.012
(26,44) = 913.906
(26,45) = 518.652
(26,46) = 291.548
(26,47) = 571.948
(26,48) = 779.311
(26,49) = 726.395
(26,50) = 410.488
(26,51) = 425.793
(27,0) = 707.001
(27,1) = 1243.72
(27,2) = 970.322
(27,3) = 417.433
(27,4) = 478.592
(27,5) = 452.217
(27,6) = 1236.74
(27,7) = 941.077
(27,8) = 1024.46
(27,9) = 944.934
(27,10) = 417.642
(27,11) = 182.483
(27,12) = 293.641
(27,13) = 484.175
(27,14) = 492.367
(27,15) = 525.856
(27,16) = 1136.33
(27,17) = 867.439
(27,18) = 879.332
(27,19) = 690.887
(27,20) = 952.221
(27,21) = 753.077
(27,22) = 770.146
(27,23) = 472.07
(27,24) = 328.672
(27,25) = 158.902
(27,26) = 110.114
(27,27) = 0
(27,28) = 629.682
(27,29) = 853.288
(27,30) = 844.349
(27,31) = 725.155
(27,32) = 766.551
(27,33) = 578.705
(27,34) = 597.704
(27,35) = 602.764
(27,36) = 523.927
(27,37) = 516.769
(27,38) = 579.763
(27,39) = 550.091
(27,40) = 956.151
(27,41) = 1163.45
(27,42) = 641.112
(27,43) = 559.017
(27,44) = 809.475
(27,45) = 428.515
(27,46) = 344.42
(27,47) = 469.574
(27,48) = 683.118
(27,49) = 656.22
(27,50) = 337.231
(27,51) = 513.931
(28,0) = 406.263
(28,1) = 635.02
(28,2) = 651.249
(28,3) = 579.871
(28,4) = 509.755
(28,5) = 528.015
(28,6) = 636.965
(28,7) = 831.039
(28,8) = 998.211
(28,9) = 950.053
(28,10) = 1042.41
(28,11) = 688.186
(28,12) = 805.248
(28,13) = 887.426
(28,14) = 533.128
(28,15) = 200.811
(28,16) = 707.425
(28,17) = 516.769
(28,18) = 711.003
(28,19) = 210.297
(28,20) = 459.157
(28,21) = 428.515
(28,22) = 296.015
(28,23) = 478.174
(28,24) = 509.141
(28,25) = 558.793
(28,26) = 673.665
(28,27) = 629.682
(28,28) = 0
(28,29) = 259.615
(28,30) = 445.225
(28,31) = 492.392
(28,32) = 1095.67
(28,33) = 401.995
(28,34) = 415.752
(28,35) = 430.726
(28,36) = 443.847
(28,37) = 484.2
(28,38) = 458.939
(28,39) = 480.521
(28,40) = 801.639
(28,41) = 570.636
(28,42) = 770.6
(28,43) = 322.49
(28,44) = 643.623
(28,45) = 349.178
(28,46) = 522.805
(28,47) = 462.385
(28,48) = 448.386
(28,49) = 191.377
(28,50) = 871.45
(28,51) = 1081.95
(29,0) = 360.069
(29,1) = 390.448
(29,2) = 504.207
(29,3) = 689.529
(29,4) = 594.348
(29,5) = 623.699
(29,6) = 385.519
(29,7) = 758.765
(29,8) = 940.492
(29,9) = 912.14
(29,10) = 1250.97
(29,11) = 874.643
(29,12) = 1056.18
(29,13) = 1146.48
(29,14) = 611.658
(29,15) = 337.083
(29,16) = 492.392
(29,17) = 385.032
(29,18) = 632.949
(29,19) = 189.011
(29,20) = 241.506
(29,21) = 352.598
(29,22) = 179.234
(29,23) = 566.789
(29,24) = 654.313
(29,25) = 805.016
(29,26) = 912.318
(29,27) = 853.288
(29,28) = 259.615
(29,29) = 0
(29,30) = 305.164
(29,31) = 446.598
(29,32) = 1172.9
(29,33) = 439.318
(29,34) = 441.192
(29,35) = 453.018
(29,36) = 509.117
(29,37) = 551.589
(29,38) = 494.292
(29,39) = 531.507
(29,40) = 712.969
(29,41) = 315.159
(29,42) = 815.552
(29,43) = 382.884
(29,44) = 583.31
(29,45) = 481.274
(29,46) = 782.192
(29,47) = 553.173
(29,48) = 422.67
(29,49) = 215.232
(29,50) = 1044.28
(29,51) = 1330.01
(30,0) = 146.373
(30,1) = 541.225
(30,2) = 208.926
(30,3) = 540.856
(30,4) = 436.606
(30,5) = 471.832
(30,6) = 511.517
(30,7) = 457.22
(30,8) = 640.312
(30,9) = 619.294
(30,10) = 1186.78
(30,11) = 800.391
(30,12) = 1103.65
(30,13) = 1238.79
(30,14) = 443.001
(30,15) = 356.721
(30,16) = 296.184
(30,17) = 80.1561
(30,18) = 332.415
(30,19) = 236.008
(30,20) = 150
(30,21) = 104.403
(30,22) = 152.315
(30,23) = 420.862
(30,24) = 555.563
(30,25) = 853.302
(30,26) = 931.45
(30,27) = 844.349
(30,28) = 445.225
(30,29) = 305.164
(30,30) = 0
(30,31) = 190.066
(30,32) = 948.117
(30,33) = 281.114
(30,34) = 268.002
(30,35) = 270.647
(30,36) = 354.295
(30,37) = 385.649
(30,38) = 310.483
(30,39) = 353.023
(30,40) = 408.718
(30,41) = 438.919
(30,42) = 583.31
(30,43) = 285.351
(30,44) = 292.959
(30,45) = 415.933
(30,46) = 895.879
(30,47) = 413.673
(30,48) = 197.8
(30,49) = 262.011
(30,50) = 935.575
(30,51) = 1355.91
(31,0) = 90.5539
(31,1) = 730
(31,2) = 245.204
(31,3) = 370.54
(31,4) = 270.185
(31,5) = 305.041
(31,6) = 701.231
(31,7) = 338.711
(31,8) = 510.025
(31,9) = 471.01
(31,10) = 1030.98
(31,11) = 650.577
(31,12) = 1004.15
(31,13) = 1160.87
(31,14) = 270.416
(31,15) = 330.946
(31,16) = 430
(31,17) = 162.788
(31,18) = 219.829
(31,19) = 300.375
(31,20) = 340.037
(31,21) = 97.0824
(31,22) = 267.442
(31,23) = 263.059
(31,24) = 408.932
(31,25) = 765.506
(31,26) = 823.119
(31,27) = 725.155
(31,28) = 492.392
(31,29) = 446.598
(31,30) = 190.066
(31,31) = 0
(31,32) = 758.716
(31,33) = 151.162
(31,34) = 130.384
(31,35) = 122.984
(31,36) = 202.608
(31,37) = 220.907
(31,38) = 148.071
(31,39) = 185.607
(31,40) = 311.488
(31,41) = 628.033
(31,42) = 393.732
(31,43) = 207.002
(31,44) = 151.327
(31,45) = 312.13
(31,46) = 845
(31,47) = 260.864
(31,48) = 50
(31,49) = 305.655
(31,50) = 767.349
(31,51) = 1238.4
(32,0) = 827.315
(32,1) = 1488.71
(32,2) = 903.396
(32,3) = 517.349
(32,4) = 589.958
(32,5) = 568.243
(32,6) = 1459.63
(32,7) = 645.155
(32,8) = 570.197
(32,9) = 500.899
(32,10) = 706.134
(32,11) = 584.209
(32,12) = 1010.36
(32,13) = 1215.91
(32,14) = 568.705
(32,15) = 897.065
(32,16) = 1120.29
(32,17) = 903.244
(32,18) = 700.589
(32,19) = 990.013
(32,20) = 1097.96
(32,21) = 852.951
(32,22) = 1001.96
(32,23) = 620.846
(32,24) = 605.826
(32,25) = 917.306
(32,26) = 861.931
(32,27) = 766.551
(32,28) = 1095.67
(32,29) = 1172.9
(32,30) = 948.117
(32,31) = 758.716
(32,32) = 0
(32,33) = 734.098
(32,34) = 731.744
(32,35) = 720.226
(32,36) = 668.506
(32,37) = 625.5
(32,38) = 678.62
(32,39) = 642.028
(32,40) = 704.006
(32,41) = 1386.73
(32,42) = 365
(32,43) = 798.812
(32,44) = 687.786
(32,45) = 747.011
(32,46) = 1095.18
(32,47) = 636.318
(32,48) = 763.708
(32,49) = 973.666
(32,50) = 474.684
(32,51) = 1088.73
(33,0) = 135.093
(33,1) = 782.081
(33,2) = 393.605
(33,3) = 266.552
(33,4) = 163.248
(33,5) = 196.977
(33,6) = 760.345
(33,7) = 455
(33,8) = 606.98
(33,9) = 552.268
(33,10) = 905.884
(33,11) = 520
(33,12) = 854.181
(33,13) = 1009.72
(33,14) = 176.139
(33,15) = 211.483
(33,16) = 561.471
(33,17) = 290.259
(33,18) = 350.892
(33,19) = 256.564
(33,20) = 416.203
(33,21) = 180.069
(33,22) = 275
(33,23) = 142.302
(33,24) = 275
(33,25) = 614.37
(33,26) = 674.259
(33,27) = 578.705
(33,28) = 401.995
(33,29) = 439.318
(33,30) = 281.114
(33,31) = 151.162
(33,32) = 734.098
(33,33) = 0
(33,34) = 21.2132
(33,35) = 33.541
(33,36) = 76.1577
(33,37) = 115.109
(33,38) = 58.5235
(33,39) = 92.1954
(33,40) = 441.616
(33,41) = 684.416
(33,42) = 382.394
(33,43) = 80
(33,44) = 276.134
(33,45) = 161.012
(33,46) = 697.227
(33,47) = 133.417
(33,48) = 105.119
(33,49) = 243.772
(33,50) = 656.22
(33,51) = 1092.62
(34,0) = 121.655
(34,1) = 776.981
(34,2) = 373.664
(34,3) = 275.136
(34,4) = 170.88
(34,5) = 205.548
(34,6) = 754.205
(34,7) = 435.46
(34,8) = 589.428
(34,9) = 536.144
(34,10) = 920.34
(34,11) = 535.21
(34,12) = 874.314
(34,13) = 1030.59
(34,14) = 181.177
(34,15) = 228.528
(34,16) = 544.518
(34,17) = 272.947
(34,18) = 330.189
(34,19) = 261.773
(34,20) = 406.356
(34,21) = 165.303
(34,22) = 272.809
(34,23) = 152.971
(34,24) = 290.388
(34,25) = 635.138
(34,26) = 693.992
(34,27) = 597.704
(34,28) = 415.752
(34,29) = 441.192
(34,30) = 268.002
(34,31) = 130.384
(34,32) = 731.744
(34,33) = 21.2132
(34,34) = 0
(34,35) = 15
(34,36) = 86.3134
(34,37) = 120.83
(34,38) = 53.1507
(34,39) = 93.0054
(34,40) = 421.1
(34,41) = 678.473
(34,42) = 376.464
(34,43) = 96.1769
(34,44) = 255.539
(34,45) = 182.003
(34,46) = 718.418
(34,47) = 145.774
(34,48) = 85.44
(34,49) = 251.645
(34,50) = 667.776
(34,51) = 1111.54
(35,0) = 125
(35,1) = 785
(35,2) = 367.696
(35,3) = 270.601
(35,4) = 166.208
(35,5) = 201.308
(35,6) = 761.577
(35,7) = 421.545
(35,8) = 574.674
(35,9) = 521.177
(35,10) = 920.054
(35,11) = 535.84
(35,12) = 881.192
(35,13) = 1039.25
(35,14) = 174.642
(35,15) = 243.311
(35,16) = 542.794
(35,17) = 271.155
(35,18) = 317.569
(35,19) = 275.045
(35,20) = 411.4
(35,21) = 166.883
(35,22) = 282.931
(35,23) = 150.748
(35,24) = 291.548
(35,25) = 643.525
(35,26) = 700.179
(35,27) = 602.764
(35,28) = 430.726
(35,29) = 453.018
(35,30) = 270.647
(35,31) = 122.984
(35,32) = 720.226
(35,33) = 33.541
(35,34) = 15
(35,35) = 0
(35,36) = 85
(35,37) = 115.434
(35,38) = 43.0116
(35,39) = 85
(35,40) = 408.167
(35,41) = 686.003
(35,42) = 363.593
(35,43) = 111.018
(35,44) = 242.745
(35,45) = 191.442
(35,46) = 729.555
(35,47) = 145
(35,48) = 81.3941
(35,49) = 265.707
(35,50) = 665.019
(35,51) = 1116.36
(36,0) = 207.966
(36,1) = 857.7
(36,2) = 447.465
(36,3) = 190.394
(36,4) = 87.4643
(36,5) = 120.83
(36,6) = 836.316
(36,7) = 460.57
(36,8) = 596.091
(36,9) = 533.667
(36,10) = 835.06
(36,11) = 450.999
(36,12) = 806.923
(36,13) = 971.404
(36,14) = 102.591
(36,15) = 244.182
(36,16) = 627.415
(36,17) = 355.879
(36,18) = 371.248
(36,19) = 322.684
(36,20) = 491.859
(36,21) = 251.247
(36,22) = 349.464
(36,23) = 66.7083
(36,24) = 207.183
(36,25) = 575.543
(36,26) = 624.119
(36,27) = 523.927
(36,28) = 443.847
(36,29) = 509.117
(36,30) = 354.295
(36,31) = 202.608
(36,32) = 668.506
(36,33) = 76.1577
(36,34) = 86.3134
(36,35) = 85
(36,36) = 0
(36,37) = 43.0116
(36,38) = 55.9017
(36,39) = 41.2311
(36,40) = 457.739
(36,41) = 760.345
(36,42) = 327.3
(36,43) = 130.384
(36,44) = 297.069
(36,45) = 138.654
(36,46) = 676.036
(36,47) = 60
(36,48) = 165.68
(36,49) = 305.164
(36,50) = 581.485
(36,51) = 1036.4
(37,0) = 240.416
(37,1) = 896.939
(37,2) = 462.088
(37,3) = 155.242
(37,4) = 50.9902
(37,5) = 86.3134
(37,6) = 874.714
(37,7) = 446.01
(37,8) = 571.948
(37,9) = 506.211
(37,10) = 810.386
(37,11) = 429.942
(37,12) = 804.316
(37,13) = 974.59
(37,14) = 61.0328
(37,15) = 283.769
(37,16) = 650.308
(37,17) = 380.132
(37,18) = 366.231
(37,19) = 365.548
(37,20) = 526.711
(37,21) = 281.469
(37,22) = 390.032
(37,23) = 44.7214
(37,24) = 191.377
(37,25) = 580
(37,26) = 620.101
(37,27) = 516.769
(37,28) = 484.2
(37,29) = 551.589
(37,30) = 385.649
(37,31) = 220.907
(37,32) = 625.5
(37,33) = 115.109
(37,34) = 120.83
(37,35) = 115.434
(37,36) = 43.0116
(37,37) = 0
(37,38) = 75.6637
(37,39) = 35.3553
(37,40) = 449.027
(37,41) = 798.89
(37,42) = 286.4
(37,43) = 173.349
(37,44) = 294.109
(37,45) = 163.783
(37,46) = 690.67
(37,47) = 49.4975
(37,48) = 191.05
(37,49) = 348.174
(37,50) = 550.84
(37,51) = 1026.17
(38,0) = 166.208
(38,1) = 827.964
(38,2) = 392.237
(38,3) = 230.489
(38,4) = 126.59
(38,5) = 161.941
(38,6) = 804.394
(38,7) = 413.824
(38,8) = 557.853
(38,9) = 499.925
(38,10) = 885.127
(38,11) = 503.016
(38,12) = 862.699
(38,13) = 1026.16
(38,14) = 132.853
(38,15) = 265.047
(38,16) = 575.782
(38,17) = 305
(38,18) = 318.904
(38,19) = 313.847
(38,20) = 453.1
(38,21) = 206.155
(38,22) = 325.576
(38,23) = 115.434
(38,24) = 260.864
(38,25) = 630.179
(38,26) = 680
(38,27) = 579.763
(38,28) = 458.939
(38,29) = 494.292
(38,30) = 310.483
(38,31) = 148.071
(38,32) = 678.62
(38,33) = 58.5235
(38,34) = 53.1507
(38,35) = 43.0116
(38,36) = 55.9017
(38,37) = 75.6637
(38,38) = 0
(38,39) = 42.72
(38,40) = 407.001
(38,41) = 728.869
(38,42) = 324.423
(38,43) = 136.473
(38,44) = 244.182
(38,45) = 186.011
(38,46) = 726.223
(38,47) = 112.805
(38,48) = 115.434
(38,49) = 302.076
(38,50) = 626.498
(38,51) = 1092.02
(39,0) = 208.926
(39,1) = 869.741
(39,2) = 426.878
(39,3) = 188.282
(39,4) = 85.1469
(39,5) = 120.416
(39,6) = 846.537
(39,7) = 421.574
(39,8) = 555
(39,9) = 492.443
(39,10) = 845.532
(39,11) = 465.296
(39,12) = 836.376
(39,13) = 1004.45
(39,14) = 90.1388
(39,15) = 282.179
(39,16) = 615.183
(39,17) = 345.326
(39,18) = 336.341
(39,19) = 348.174
(39,20) = 495.807
(39,21) = 248.646
(39,22) = 365.548
(39,23) = 79.0569
(39,24) = 226.108
(39,25) = 609.139
(39,26) = 652.553
(39,27) = 550.091
(39,28) = 480.521
(39,29) = 531.507
(39,30) = 353.023
(39,31) = 185.607
(39,32) = 642.028
(39,33) = 92.1954
(39,34) = 93.0054
(39,35) = 85
(39,36) = 41.2311
(39,37) = 35.3553
(39,38) = 42.72
(39,39) = 0
(39,40) = 421.1
(39,41) = 770.925
(39,42) = 293.471
(39,43) = 161.555
(39,44) = 263.154
(39,45) = 179.234
(39,46) = 714.37
(39,47) = 80.6226
(39,48) = 157.003
(39,49) = 333.654
(39,50) = 584.829
(39,51) = 1060.39
(40,0) = 395.38
(40,1) = 896.172
(40,2) = 246.982
(40,3) = 544.541
(40,4) = 479.505
(40,5) = 504.009
(40,6) = 857.555
(40,7) = 64.0312
(40,8) = 239.27
(40,9) = 243.977
(40,10) = 1180.04
(40,11) = 836.316
(40,12) = 1248.08
(40,13) = 1423.04
(40,14) = 464.004
(40,15) = 640.781
(40,16) = 442.634
(40,17) = 330.492
(40,18) = 91.9239
(40,19) = 601.041
(40,20) = 525.024
(40,21) = 377.69
(40,22) = 545.023
(40,23) = 491.757
(40,24) = 628.013
(40,25) = 1028.99
(40,26) = 1063.04
(40,27) = 956.151
(40,28) = 801.639
(40,29) = 712.969
(40,30) = 408.718
(40,31) = 311.488
(40,32) = 704.006
(40,33) = 441.616
(40,34) = 421.1
(40,35) = 408.167
(40,36) = 457.739
(40,37) = 449.027
(40,38) = 407.001
(40,39) = 421.1
(40,40) = 0
(40,41) = 796.492
(40,42) = 401.995
(40,43) = 512.079
(40,44) = 165.605
(40,45) = 593.001
(40,46) = 1133.16
(40,47) = 498.523
(40,48) = 359.34
(40,49) = 611.882
(40,50) = 896.354
(40,51) = 1453.08
(41,0) = 565.796
(41,1) = 102.591
(41,2) = 550.091
(41,3) = 950.329
(41,4) = 847.659
(41,5) = 881.036
(41,6) = 76.1577
(41,7) = 855.862
(41,8) = 1035.59
(41,9) = 1031.95
(41,10) = 1552.32
(41,11) = 1169.63
(41,12) = 1371.31
(41,13) = 1457.48
(41,14) = 859.593
(41,15) = 639.531
(41,16) = 408.075
(41,17) = 492.976
(41,18) = 741.923
(41,19) = 476.707
(41,20) = 289.914
(41,21) = 535.023
(41,22) = 415.03
(41,23) = 825.121
(41,24) = 936.376
(41,25) = 1120.1
(41,26) = 1226.23
(41,27) = 1163.45
(41,28) = 570.636
(41,29) = 315.159
(41,30) = 438.919
(41,31) = 628.033
(41,32) = 1386.73
(41,33) = 684.416
(41,34) = 678.473
(41,35) = 686.003
(41,36) = 760.345
(41,37) = 798.89
(41,38) = 728.869
(41,39) = 770.925
(41,40) = 796.492
(41,41) = 0
(41,42) = 1021.76
(41,43) = 650.865
(41,44) = 720.85
(41,45) = 768.668
(41,46) = 1092.54
(41,47) = 814.079
(41,48) = 627.156
(41,49) = 509.902
(41,50) = 1329
(41,51) = 1645.07
(42,0) = 463.816
(42,1) = 1123.71
(42,2) = 556.597
(42,3) = 245.204
(42,4) = 266.693
(42,5) = 260.048
(42,6) = 1094.81
(42,7) = 359.026
(42,8) = 389.936
(42,9) = 307.774
(42,10) = 789.24
(42,11) = 484.381
(42,12) = 930.86
(42,13) = 1125.28
(42,14) = 241.868
(42,15) = 570.088
(42,16) = 773.256
(42,17) = 541.133
(42,18) = 367.764
(42,19) = 638.161
(42,20) = 733.246
(42,21) = 488.109
(42,22) = 641.132
(42,23) = 297.7
(42,24) = 354.401
(42,25) = 755.794
(42,26) = 751.033
(42,27) = 641.112
(42,28) = 770.6
(42,29) = 815.552
(42,30) = 583.31
(42,31) = 393.732
(42,32) = 365
(42,33) = 382.394
(42,34) = 376.464
(42,35) = 363.593
(42,36) = 327.3
(42,37) = 286.4
(42,38) = 324.423
(42,39) = 293.471
(42,40) = 401.995
(42,41) = 1021.76
(42,42) = 0
(42,43) = 455
(42,44) = 336.786
(42,45) = 437.321
(42,46) = 904.461
(42,47) = 313.249
(42,48) = 399.906
(42,49) = 626.099
(42,50) = 504.232
(42,51) = 1097.2
(43,0) = 154.434
(43,1) = 744.883
(43,2) = 434.195
(43,3) = 307.002
(43,4) = 212.25
(43,5) = 240.832
(43,6) = 726.997
(43,7) = 529.741
(43,8) = 685.584
(43,9) = 631.981
(43,10) = 912.921
(43,11) = 526.118
(43,12) = 821.721
(43,13) = 966.398
(43,14) = 231.138
(43,15) = 132.382
(43,16) = 579.008
(43,17) = 315.357
(43,18) = 420.387
(43,19) = 194.487
(43,20) = 401.528
(43,21) = 199.06
(43,22) = 235.85
(43,23) = 183.984
(43,24) = 286.4
(43,25) = 574.674
(43,26) = 647.012
(43,27) = 559.017
(43,28) = 322.49
(43,29) = 382.884
(43,30) = 285.351
(43,31) = 207.002
(43,32) = 798.812
(43,33) = 80
(43,34) = 96.1769
(43,35) = 111.018
(43,36) = 130.384
(43,37) = 173.349
(43,38) = 136.473
(43,39) = 161.555
(43,40) = 512.079
(43,41) = 650.865
(43,42) = 455
(43,43) = 0
(43,44) = 346.771
(43,45) = 130.863
(43,46) = 640.41
(43,47) = 170.294
(43,48) = 157.003
(43,49) = 175
(43,50) = 678.399
(43,51) = 1070.81
(44,0) = 240.208
(44,1) = 823.286
(44,2) = 219.829
(44,3) = 411.096
(44,4) = 331.21
(44,5) = 360.069
(44,6) = 789.383
(44,7) = 187.417
(44,8) = 360.867
(44,9) = 329.014
(44,10) = 1067.95
(44,11) = 705.301
(44,12) = 1098.33
(44,13) = 1267.57
(44,14) = 319.883
(44,15) = 476.366
(44,16) = 436.578
(44,17) = 228.035
(44,18) = 75
(44,19) = 450.028
(44,20) = 433.042
(44,21) = 232.648
(44,22) = 406.971
(44,23) = 338.378
(44,24) = 481.274
(44,25) = 872.067
(44,26) = 913.906
(44,27) = 809.475
(44,28) = 643.623
(44,29) = 583.31
(44,30) = 292.959
