NAME : bays29FSTCII_q2_g2_p1
COMMENT : 29 cities in Bavaria, street distances (Groetschel,Juenger,Reinelt) [DISTANCE MATRIX FIXED TO MATCH TRIANGULAR INEQUALITY]    POP::[From Fischetti-Salazar-Toth ClassII Generation 2, bound(TSP):2020, quarter(TSP):2]
TYPE : POP
DIMENSION : 29
TMAX : 1010
TPRIZE : 1418
ORIGIN : 1
DESTINATION : 1
EDGE_WEIGHT_TYPE : EXPLICIT
EDGE_WEIGHT_FORMAT : FULL_MATRIX
DISPLAY_DATA_TYPE : TWOD_DISPLAY
EDGE_WEIGHT_SECTION
0 107 241 190 124 80 298 76 152 157 282 133 113 297 228 129 342 276 187 150 65 341 184 67 221 169 108 45 167 
107 0 148 137 88 127 336 183 134 95 254 180 101 234 175 176 265 199 182 67 42 278 267 146 251 105 187 139 79 
241 148 0 274 171 232 484 317 188 232 391 277 249 365 312 324 396 330 330 204 182 409 407 286 399 116 327 273 77 
190 137 274 0 202 209 222 192 248 42 117 262 79 107 38 121 152 86 68 70 137 151 239 135 137 242 165 228 205 
124 88 171 202 0 61 386 200 46 160 319 112 157 309 240 226 314 285 232 153 65 353 290 169 301 57 210 121 96 
80 127 232 209 61 0 374 141 72 167 326 55 157 316 247 209 360 294 232 164 85 360 249 147 301 118 184 60 157 
298 336 484 222 386 374 0 233 432 254 202 426 235 254 210 187 313 266 154 282 321 298 168 231 95 431 190 314 415 
76 183 317 192 200 141 233 0 213 188 259 193 131 289 220 98 342 276 164 216 141 333 108 57 190 245 43 81 243 
152 134 188 248 46 72 432 213 0 206 365 89 203 355 286 272 360 331 278 199 111 399 321 215 347 72 256 132 111 
157 95 232 42 160 167 254 188 206 0 159 220 57 149 80 132 193 127 100 28 95 193 241 131 169 200 161 189 163 
282 254 391 117 319 326 202 259 365 159 0 379 176 106 79 161 165 135 95 187 254 103 274 215 117 359 216 308 322 
133 180 277 262 112 55 426 193 89 220 379 0 210 369 300 262 413 347 285 217 138 413 301 200 354 161 236 112 200 
113 101 249 79 157 157 235 131 203 57 176 210 0 186 117 75 231 165 81 85 92 230 184 74 150 202 104 158 180 
297 234 365 107 309 316 254 289 355 149 106 369 186 0 69 191 59 35 125 167 244 44 304 242 169 327 246 335 288 
228 175 312 38 240 247 210 220 286 80 79 300 117 69 0 122 122 56 56 108 175 113 235 173 125 280 177 266 243 
129 176 324 121 226 209 187 98 272 132 161 262 75 191 122 0 244 178 66 160 161 235 118 62 92 271 55 155 255 
342 265 396 152 314 360 313 342 360 193 165 413 231 59 122 244 0 66 178 198 286 77 357 287 228 358 299 380 319 
276 199 330 86 285 294 266 276 331 127 135 347 165 35 56 178 66 0 112 132 220 79 291 221 181 292 233 314 253 
187 182 330 68 232 232 154 164 278 100 95 285 81 125 56 66 178 112 0 128 167 169 179 120 69 277 121 213 261 
150 67 204 70 153 164 282 216 199 28 187 217 85 167 108 160 198 132 128 0 88 211 269 159 197 172 189 182 135 
65 42 182 137 65 85 321 141 111 95 254 138 92 244 175 161 286 220 167 88 0 288 225 104 236 110 145 97 108 
341 278 409 151 353 360 298 333 399 193 103 413 230 44 113 235 77 79 169 211 288 0 348 286 213 371 290 379 332 
184 267 407 239 290 249 168 108 321 241 274 301 184 304 235 118 357 291 179 269 225 348 0 121 162 335 80 189 333 
67 146 286 135 169 147 231 57 215 131 215 200 74 242 173 62 287 221 120 159 104 286 121 0 154 214 41 93 212 
221 251 399 137 301 301 95 190 347 169 117 354 150 169 125 92 228 181 69 197 236 213 162 154 0 346 147 247 330 
169 105 116 242 57 118 431 245 72 200 359 161 202 327 280 271 358 292 277 172 110 371 335 214 346 0 255 178 39 
108 187 327 165 210 184 190 43 256 161 216 236 104 246 177 55 299 233 121 189 145 290 80 41 147 255 0 124 253 
45 139 273 228 121 60 314 81 132 189 308 112 158 335 266 155 380 314 213 182 97 379 189 93 247 178 124 0 199 
167 79 77 205 96 157 415 243 111 163 322 200 180 288 243 255 319 253 261 135 108 332 333 212 330 39 253 199 0 
NODE_PRIZE_PROBABILITY_SECTION
1 0 1.0
2 15 0.5
3 56 0.5
4 97 0.5
5 38 0.5
6 79 0.5
7 20 0.5
8 61 0.5
9 2 0.5
10 43 0.5
11 84 0.5
12 25 0.5
13 66 0.5
14 7 0.5
15 48 0.5
16 89 0.5
17 30 0.5
18 71 0.5
19 12 0.5
20 53 0.5
21 94 0.5
22 35 0.5
23 76 0.5
24 17 0.5
25 58 0.5
26 99 0.5
27 40 0.5
28 81 0.5
29 22 0.5
